time
0.0
0.0
4.90392e-05
4.90392e-05
9.90792e-05
9.90792e-05
0.000149119
0.000149119
0.000199159
0.000199159
0.000249199
0.000249199
0.000299239
0.000299239
0.000349279
0.000349279
0.000399319
0.000399319
0.000449359
0.000449359
0.000499399
0.000499399
0.000549439
0.000549439
0.000599479
0.000599479
0.000649519
0.000649519
0.000699559
0.000699559
0.000749599
0.000749599
0.000799639
0.000799639
0.000849679
0.000849679
0.000899719
0.000899719
0.000949759
0.000949759
0.000999799
0.000999799
0.00104984
0.00104984
0.00109988
0.00109988
0.00114992
0.00114992
0.00119996
0.00119996
0.00125
0.00125
0.00129904
0.00129904
0.00134908
0.00134908
0.00139912
0.00139912
0.00144916
0.00144916
0.0014992
0.0014992
0.00154924
0.00154924
0.00159928
0.00159928
0.00164932
0.00164932
0.00169936
0.00169936
0.0017494
0.0017494
0.00179944
0.00179944
0.00184948
0.00184948
0.00189952
0.00189952
0.00194956
0.00194956
0.0019996
0.0019996
0.00204964
0.00204964
0.00209968
0.00209968
0.00214972
0.00214972
0.00219976
0.00219976
0.0022498
0.0022498
0.00229984
0.00229984
0.00234988
0.00234988
0.00239992
0.00239992
0.00244996
0.00244996
0.0025
0.0025
0.00254904
0.00254904
0.00259908
0.00259908
0.00264912
0.00264912
0.00269916
0.00269916
0.0027492
0.0027492
0.00279924
0.00279924
0.00284928
0.00284928
0.00289932
0.00289932
0.00294936
0.00294936
0.0029994
0.0029994
0.00304944
0.00304944
0.00309948
0.00309948
0.00314952
0.00314952
0.00319956
0.00319956
0.0032496
0.0032496
0.00329964
0.00329964
0.00334968
0.00334968
0.00339972
0.00339972
0.00344976
0.00344976
0.0034998
0.0034998
0.00354984
0.00354984
0.00359988
0.00359988
0.00364992
0.00364992
0.00369996
0.00369996
0.00375
0.00375
0.00379904
0.00379904
0.00384908
0.00384908
0.00389912
0.00389912
0.00394916
0.00394916
0.0039992
0.0039992
0.00404924
0.00404924
0.00409928
0.00409928
0.00414932
0.00414932
0.00419936
0.00419936
0.0042494
0.0042494
0.00429944
0.00429944
0.00434948
0.00434948
0.00439952
0.00439952
0.00444956
0.00444956
0.0044996
0.0044996
0.00454964
0.00454964
0.00459968
0.00459968
0.00464972
0.00464972
0.00469976
0.00469976
0.0047498
0.0047498
0.00479984
0.00479984
0.00484988
0.00484988
0.00489992
0.00489992
0.00494996
0.00494996
0.004999
0.004999
0.00504904
0.00504904
0.00509908
0.00509908
0.00514912
0.00514912
0.00519916
0.00519916
0.0052492
0.0052492
0.00529924
0.00529924
0.00534928
0.00534928
0.00539932
0.00539932
0.00544936
0.00544936
0.0054994
0.0054994
0.00554944
0.00554944
0.00559948
0.00559948
0.00564952
0.00564952
0.00569956
0.00569956
0.0057496
0.0057496
0.00579964
0.00579964
0.00584968
0.00584968
0.00589972
0.00589972
0.00594976
0.00594976
0.0059998
0.0059998
0.00604984
0.00604984
0.00609988
0.00609988
0.00614992
0.00614992
0.00619996
0.00619996
0.00624899
0.00624899
0.00629903
0.00629903
0.00634907
0.00634907
0.00639911
0.00639911
0.00644915
0.00644915
0.00649919
0.00649919
0.00654923
0.00654923
0.00659927
0.00659927
0.00664931
0.00664931
0.00669935
0.00669935
0.00674939
0.00674939
0.00679943
0.00679943
0.00684947
0.00684947
0.00689951
0.00689951
0.00694955
0.00694955
0.00699959
0.00699959
0.00704963
0.00704963
0.00709967
0.00709967
0.00714971
0.00714971
0.00719975
0.00719975
0.00724979
0.00724979
0.00729983
0.00729983
0.00734987
0.00734987
0.00739991
0.00739991
0.00744995
0.00744995
0.00749899
0.00749899
0.00754903
0.00754903
0.00759907
0.00759907
0.00764911
0.00764911
0.00769915
0.00769915
0.00774919
0.00774919
0.00779923
0.00779923
0.00784927
0.00784927
0.00789931
0.00789931
0.00794935
0.00794935
0.00799939
0.00799939
0.00804943
0.00804943
0.00809947
0.00809947
0.00814951
0.00814951
0.00819955
0.00819955
0.00824959
0.00824959
0.00829963
0.00829963
0.00834967
0.00834967
0.00839971
0.00839971
0.00844975
0.00844975
0.00849979
0.00849979
0.00854983
0.00854983
0.00859987
0.00859987
0.00864991
0.00864991
0.00869995
0.00869995
0.00874899
0.00874899
0.00879903
0.00879903
0.00884907
0.00884907
0.00889911
0.00889911
0.00894915
0.00894915
0.00899919
0.00899919
0.00904923
0.00904923
0.00909927
0.00909927
0.00914931
0.00914931
0.00919935
0.00919935
0.00924939
0.00924939
0.00929943
0.00929943
0.00934947
0.00934947
0.00939951
0.00939951
0.00944955
0.00944955
0.00949959
0.00949959
0.00954963
0.00954963
0.00959967
0.00959967
0.00964971
0.00964971
0.00969975
0.00969975
0.00974979
0.00974979
0.00979983
0.00979983
0.00984987
0.00984987
0.00989991
0.00989991
0.00994995
0.00994995
0.00999899
0.00999899
0.010049
0.010049
0.0100991
0.0100991
0.0101491
0.0101491
0.0101992
0.0101992
0.0102492
0.0102492
0.0102992
0.0102992
0.0103493
0.0103493
0.0103993
0.0103993
0.0104494
0.0104494
0.0104994
0.0104994
0.0105494
0.0105494
0.0105995
0.0105995
0.0106495
0.0106495
0.0106996
0.0106996
0.0107496
0.0107496
0.0107996
0.0107996
0.0108497
0.0108497
0.0108997
0.0108997
0.0109498
0.0109498
0.0109998
0.0109998
0.0110498
0.0110498
0.0110999
0.0110999
0.0111499
0.0111499
0.0112
0.0112
0.011249
0.011249
0.011299
0.011299
0.0113491
0.0113491
0.0113991
0.0113991
0.0114492
0.0114492
0.0114992
0.0114992
0.0115492
0.0115492
0.0115993
0.0115993
0.0116493
0.0116493
0.0116994
0.0116994
0.0117494
0.0117494
0.0117994
0.0117994
0.0118495
0.0118495
0.0118995
0.0118995
0.0119496
0.0119496
0.0119996
0.0119996
0.0120496
0.0120496
0.0120997
0.0120997
0.0121497
0.0121497
0.0121998
0.0121998
0.0122498
0.0122498
0.0122998
0.0122998
0.0123499
0.0123499
0.0123999
0.0123999
0.01245
0.01245
0.012499
0.012499
0.012549
0.012549
0.0125991
0.0125991
0.0126491
0.0126491
0.0126991
0.0126991
0.0127492
0.0127492
0.0127992
0.0127992
0.0128493
0.0128493
0.0128993
0.0128993
0.0129494
0.0129494
0.0129994
0.0129994
0.0130494
0.0130494
0.0130995
0.0130995
0.0131495
0.0131495
0.0131996
0.0131996
0.0132496
0.0132496
0.0132996
0.0132996
0.0133497
0.0133497
0.0133997
0.0133997
0.0134497
0.0134497
0.0134998
0.0134998
0.0135498
0.0135498
0.0135999
0.0135999
0.0136499
0.0136499
0.0136999
0.0136999
0.013749
0.013749
0.013799
0.013799
0.0138491
0.0138491
0.0138991
0.0138991
0.0139491
0.0139491
0.0139992
0.0139992
0.0140492
0.0140492
0.0140993
0.0140993
0.0141493
0.0141493
0.0141993
0.0141993
0.0142494
0.0142494
0.0142994
0.0142994
0.0143495
0.0143495
0.0143995
0.0143995
0.0144495
0.0144495
0.0144996
0.0144996
0.0145496
0.0145496
0.0145997
0.0145997
0.0146497
0.0146497
0.0146997
0.0146997
0.0147498
0.0147498
0.0147998
0.0147998
0.0148499
0.0148499
0.0148999
0.0148999
0.0149499
0.0149499
0.014999
0.014999
0.015049
0.015049
0.0150991
0.0150991
0.0151491
0.0151491
0.0151991
0.0151991
0.0152492
0.0152492
0.0152992
0.0152992
0.0153493
0.0153493
0.0153993
0.0153993
0.0154493
0.0154493
0.0154994
0.0154994
0.0155494
0.0155494
0.0155995
0.0155995
0.0156495
0.0156495
0.0156995
0.0156995
0.0157496
0.0157496
0.0157996
0.0157996
0.0158497
0.0158497
0.0158997
0.0158997
0.0159497
0.0159497
0.0159998
0.0159998
0.0160498
0.0160498
0.0160999
0.0160999
0.0161499
0.0161499
0.0161999
0.0161999
0.016249
0.016249
0.016299
0.016299
0.0163491
0.0163491
0.0163991
0.0163991
0.0164491
0.0164491
0.0164992
0.0164992
0.0165492
0.0165492
0.0165993
0.0165993
0.0166493
0.0166493
0.0166993
0.0166993
0.0167494
0.0167494
0.0167994
0.0167994
0.0168495
0.0168495
0.0168995
0.0168995
0.0169495
0.0169495
0.0169996
0.0169996
0.0170496
0.0170496
0.0170997
0.0170997
0.0171497
0.0171497
0.0171997
0.0171997
0.0172498
0.0172498
0.0172998
0.0172998
0.0173499
0.0173499
0.0173999
0.0173999
0.0174499
0.0174499
0.0175
0.0175
0.017549
0.017549
0.0175991
0.0175991
0.0176491
0.0176491
0.0176991
0.0176991
0.0177492
0.0177492
0.0177992
0.0177992
0.0178493
0.0178493
0.0178993
0.0178993
0.0179493
0.0179493
0.0179994
0.0179994
0.0180494
0.0180494
0.0180995
0.0180995
0.0181495
0.0181495
0.0181995
0.0181995
0.0182496
0.0182496
0.0182996
0.0182996
0.0183497
0.0183497
0.0183997
0.0183997
0.0184497
0.0184497
0.0184998
0.0184998
0.0185498
0.0185498
0.0185999
0.0185999
0.0186499
0.0186499
0.0186999
0.0186999
0.01875
0.01875
0.0188
0.0188
0.0188491
0.0188491
0.0188991
0.0188991
0.0189491
0.0189491
0.0189992
0.0189992
0.0190492
0.0190492
0.0190993
0.0190993
0.0191493
0.0191493
0.0191993
0.0191993
0.0192494
0.0192494
0.0192994
0.0192994
0.0193495
0.0193495
0.0193995
0.0193995
0.0194495
0.0194495
0.0194996
0.0194996
0.0195496
0.0195496
0.0195997
0.0195997
0.0196497
0.0196497
0.0196997
0.0196997
0.0197498
0.0197498
0.0197998
0.0197998
0.0198499
0.0198499
0.0198999
0.0198999
0.0199499
0.0199499
0.02
0.02
0.02005
0.02005
0.0200991
0.0200991
0.0201491
0.0201491
0.0201991
0.0201991
0.0202492
0.0202492
0.0202992
0.0202992
0.0203493
0.0203493
0.0203993
0.0203993
0.0204493
0.0204493
0.0204994
0.0204994
0.0205494
0.0205494
0.0205995
0.0205995
0.0206495
0.0206495
0.0206995
0.0206995
0.0207496
0.0207496
0.0207996
0.0207996
0.0208497
0.0208497
0.0208997
0.0208997
0.0209497
0.0209497
0.0209998
0.0209998
0.0210498
0.0210498
0.0210999
0.0210999
0.0211499
0.0211499
0.0211999
0.0211999
0.02125
0.02125
0.0213
0.0213
0.0213501
0.0213501
0.0213991
0.0213991
0.0214491
0.0214491
0.0214992
0.0214992
0.0215492
0.0215492
0.0215993
0.0215993
0.0216493
0.0216493
0.0216993
0.0216993
0.0217494
0.0217494
0.0217994
0.0217994
0.0218495
0.0218495
0.0218995
0.0218995
0.0219495
0.0219495
0.0219996
0.0219996
0.0220496
0.0220496
0.0220997
0.0220997
0.0221497
0.0221497
0.0221997
0.0221997
0.0222498
0.0222498
0.0222998
0.0222998
0.0223499
0.0223499
0.0223999
0.0223999
0.0224499
0.0224499
0.0225
0.0225
0.02255
0.02255
0.0226001
0.0226001
0.0226491
0.0226491
0.0226991
0.0226991
0.0227492
0.0227492
0.0227992
0.0227992
0.0228493
0.0228493
0.0228993
0.0228993
0.0229493
0.0229493
0.0229994
0.0229994
0.0230494
0.0230494
0.0230995
0.0230995
0.0231495
0.0231495
0.0231995
0.0231995
0.0232496
0.0232496
0.0232996
0.0232996
0.0233497
0.0233497
0.0233997
0.0233997
0.0234497
0.0234497
0.0234998
0.0234998
0.0235498
0.0235498
0.0235999
0.0235999
0.0236499
0.0236499
0.0236999
0.0236999
0.02375
0.02375
0.0238
0.0238
0.0238501
0.0238501
0.0239001
0.0239001
0.0239491
0.0239491
0.0239992
0.0239992
0.0240492
0.0240492
0.0240993
0.0240993
0.0241493
0.0241493
0.0241993
0.0241993
0.0242494
0.0242494
0.0242994
0.0242994
0.0243495
0.0243495
0.0243995
0.0243995
0.0244495
0.0244495
0.0244996
0.0244996
0.0245496
0.0245496
0.0245997
0.0245997
0.0246497
0.0246497
0.0246997
0.0246997
0.0247498
0.0247498
0.0247998
0.0247998
0.0248499
0.0248499
0.0248999
0.0248999
0.0249499
0.0249499
0.025
0.025
0.02505
0.02505
0.0251001
0.0251001
0.0251501
0.0251501
0.0251991
0.0251991
0.0252492
0.0252492
0.0252992
0.0252992
0.0253493
0.0253493
0.0253993
0.0253993
0.0254493
0.0254493
0.0254994
0.0254994
0.0255494
0.0255494
0.0255995
0.0255995
0.0256495
0.0256495
0.0256995
0.0256995
0.0257496
0.0257496
0.0257996
0.0257996
0.0258497
0.0258497
0.0258997
0.0258997
0.0259497
0.0259497
0.0259998
0.0259998
0.0260498
0.0260498
0.0260999
0.0260999
0.0261499
0.0261499
0.0261999
0.0261999
0.02625
0.02625
0.0263
0.0263
0.0263501
0.0263501
0.0264001
0.0264001
0.0264501
0.0264501
0.0264992
0.0264992
0.0265492
0.0265492
0.0265993
0.0265993
0.0266493
0.0266493
0.0266993
0.0266993
0.0267494
0.0267494
0.0267994
0.0267994
0.0268495
0.0268495
0.0268995
0.0268995
0.0269495
0.0269495
0.0269996
0.0269996
0.0270496
0.0270496
0.0270997
0.0270997
0.0271497
0.0271497
0.0271997
0.0271997
0.0272498
0.0272498
0.0272998
0.0272998
0.0273499
0.0273499
0.0273999
0.0273999
0.0274499
0.0274499
0.0275
0.0275
0.02755
0.02755
0.0276001
0.0276001
0.0276501
0.0276501
0.0277001
0.0277001
0.0277502
0.0277502
0.0277992
0.0277992
0.0278493
0.0278493
0.0278993
0.0278993
0.0279493
0.0279493
0.0279994
0.0279994
0.0280494
0.0280494
0.0280995
0.0280995
0.0281495
0.0281495
0.0281995
0.0281995
0.0282496
0.0282496
0.0282996
0.0282996
0.0283497
0.0283497
0.0283997
0.0283997
0.0284497
0.0284497
0.0284998
0.0284998
0.0285498
0.0285498
0.0285999
0.0285999
0.0286499
0.0286499
0.0286999
0.0286999
0.02875
0.02875
0.0288
0.0288
0.0288501
0.0288501
0.0289001
0.0289001
0.0289501
0.0289501
0.0290002
0.0290002
0.0290492
0.0290492
0.0290993
0.0290993
0.0291493
0.0291493
0.0291993
0.0291993
0.0292494
0.0292494
0.0292994
0.0292994
0.0293495
0.0293495
0.0293995
0.0293995
0.0294495
0.0294495
0.0294996
0.0294996
0.0295496
0.0295496
0.0295997
0.0295997
0.0296497
0.0296497
0.0296997
0.0296997
0.0297498
0.0297498
0.0297998
0.0297998
0.0298499
0.0298499
0.0298999
0.0298999
0.0299499
0.0299499
0.03
0.03
0.03005
0.03005
0.0301001
0.0301001
0.0301501
0.0301501
0.0302001
0.0302001
0.0302502
0.0302502
0.0303002
0.0303002
0.0303493
0.0303493
0.0303993
0.0303993
0.0304493
0.0304493
0.0304994
0.0304994
0.0305494
0.0305494
0.0305995
0.0305995
0.0306495
0.0306495
0.0306995
0.0306995
0.0307496
0.0307496
0.0307996
0.0307996
0.0308497
0.0308497
0.0308997
0.0308997
0.0309497
0.0309497
0.0309998
0.0309998
0.0310498
0.0310498
0.0310999
0.0310999
0.0311499
0.0311499
0.0311999
0.0311999
0.03125
0.03125
0.0313
0.0313
0.0313501
0.0313501
0.0314001
0.0314001
0.0314501
0.0314501
0.0315002
0.0315002
0.0315502
0.0315502
0.0315993
0.0315993
0.0316493
0.0316493
0.0316993
0.0316993
0.0317494
0.0317494
0.0317994
0.0317994
0.0318495
0.0318495
0.0318995
0.0318995
0.0319495
0.0319495
0.0319996
0.0319996
0.0320496
0.0320496
0.0320997
0.0320997
0.0321497
0.0321497
0.0321997
0.0321997
0.0322498
0.0322498
0.0322998
0.0322998
0.0323499
0.0323499
0.0323999
0.0323999
0.0324499
0.0324499
0.0325
0.0325
0.03255
0.03255
0.0326001
0.0326001
0.0326501
0.0326501
0.0327001
0.0327001
0.0327502
0.0327502
0.0328002
0.0328002
0.0328503
0.0328503
0.0328993
0.0328993
0.0329493
0.0329493
0.0329994
0.0329994
0.0330494
0.0330494
0.0330995
0.0330995
0.0331495
0.0331495
0.0331995
0.0331995
0.0332496
0.0332496
0.0332996
0.0332996
0.0333497
0.0333497
0.0333997
0.0333997
0.0334497
0.0334497
0.0334998
0.0334998
0.0335498
0.0335498
0.0335999
0.0335999
0.0336499
0.0336499
0.0336999
0.0336999
0.03375
0.03375
0.0338
0.0338
0.0338501
0.0338501
0.0339001
0.0339001
0.0339501
0.0339501
0.0340002
0.0340002
0.0340502
0.0340502
0.0341003
0.0341003
0.0341493
0.0341493
0.0341993
0.0341993
0.0342494
0.0342494
0.0342994
0.0342994
0.0343495
0.0343495
0.0343995
0.0343995
0.0344495
0.0344495
0.0344996
0.0344996
0.0345496
0.0345496
0.0345997
0.0345997
0.0346497
0.0346497
0.0346997
0.0346997
0.0347498
0.0347498
0.0347998
0.0347998
0.0348499
0.0348499
0.0348999
0.0348999
0.0349499
0.0349499
0.035
0.035
0.03505
0.03505
0.0351001
0.0351001
0.0351501
0.0351501
0.0352001
0.0352001
0.0352502
0.0352502
0.0353002
0.0353002
0.0353503
0.0353503
0.0354003
0.0354003
0.0354493
0.0354493
0.0354994
0.0354994
0.0355494
0.0355494
0.0355995
0.0355995
0.0356495
0.0356495
0.0356995
0.0356995
0.0357496
0.0357496
0.0357996
0.0357996
0.0358497
0.0358497
0.0358997
0.0358997
0.0359497
0.0359497
0.0359998
0.0359998
0.0360498
0.0360498
0.0360999
0.0360999
0.0361499
0.0361499
0.0361999
0.0361999
0.03625
0.03625
0.0363
0.0363
0.0363501
0.0363501
0.0364001
0.0364001
0.0364501
0.0364501
0.0365002
0.0365002
0.0365502
0.0365502
0.0366003
0.0366003
0.0366503
0.0366503
0.0366993
0.0366993
0.0367494
0.0367494
0.0367994
0.0367994
0.0368495
0.0368495
0.0368995
0.0368995
0.0369495
0.0369495
0.0369996
0.0369996
0.0370496
0.0370496
0.0370997
0.0370997
0.0371497
0.0371497
0.0371997
0.0371997
0.0372498
0.0372498
0.0372998
0.0372998
0.0373499
0.0373499
0.0373999
0.0373999
0.0374499
0.0374499
0.0375
0.0375
0.03755
0.03755
0.0376001
0.0376001
0.0376501
0.0376501
0.0377001
0.0377001
0.0377502
0.0377502
0.0378002
0.0378002
0.0378503
0.0378503
0.0379003
0.0379003
0.0379503
0.0379503
0.0379994
0.0379994
0.0380494
0.0380494
0.0380995
0.0380995
0.0381495
0.0381495
0.0381995
0.0381995
0.0382496
0.0382496
0.0382996
0.0382996
0.0383497
0.0383497
0.0383997
0.0383997
0.0384497
0.0384497
0.0384998
0.0384998
0.0385498
0.0385498
0.0385999
0.0385999
0.0386499
0.0386499
0.0386999
0.0386999
0.03875
0.03875
0.0388
0.0388
0.0388501
0.0388501
0.0389001
0.0389001
0.0389501
0.0389501
0.0390002
0.0390002
0.0390502
0.0390502
0.0391003
0.0391003
0.0391503
0.0391503
0.0392003
0.0392003
0.0392504
0.0392504
0.0392994
0.0392994
0.0393495
0.0393495
0.0393995
0.0393995
0.0394495
0.0394495
0.0394996
0.0394996
0.0395496
0.0395496
0.0395996
0.0395996
0.0396497
0.0396497
0.0396997
0.0396997
0.0397498
0.0397498
0.0397998
0.0397998
0.0398499
0.0398499
0.0398999
0.0398999
0.0399499
0.0399499
0.04
0.04
0.04005
0.04005
0.0401
0.0401
0.0401501
0.0401501
0.0402001
0.0402001
0.0402502
0.0402502
0.0403002
0.0403002
0.0403503
0.0403503
0.0404003
0.0404003
0.0404503
0.0404503
0.0405004
0.0405004
0.0405494
0.0405494
0.0405995
0.0405995
0.0406495
0.0406495
0.0406995
0.0406995
0.0407496
0.0407496
0.0407996
0.0407996
0.0408496
0.0408496
0.0408997
0.0408997
0.0409497
0.0409497
0.0409998
0.0409998
0.0410498
0.0410498
0.0410999
0.0410999
0.0411499
0.0411499
0.0411999
0.0411999
0.04125
0.04125
0.0413
0.0413
0.04135
0.04135
0.0414001
0.0414001
0.0414501
0.0414501
0.0415002
0.0415002
0.0415502
0.0415502
0.0416002
0.0416002
0.0416503
0.0416503
0.0417003
0.0417003
0.0417504
0.0417504
0.0418004
0.0418004
0.0418494
0.0418494
0.0418995
0.0418995
0.0419495
0.0419495
0.0419996
0.0419996
0.0420496
0.0420496
0.0420996
0.0420996
0.0421497
0.0421497
0.0421997
0.0421997
0.0422498
0.0422498
0.0422998
0.0422998
0.0423498
0.0423498
0.0423999
0.0423999
0.0424499
0.0424499
0.0425
0.0425
0.04255
0.04255
0.0426
0.0426
0.0426501
0.0426501
0.0427001
0.0427001
0.0427502
0.0427502
0.0428002
0.0428002
0.0428502
0.0428502
0.0429003
0.0429003
0.0429503
0.0429503
0.0430004
0.0430004
0.0430504
0.0430504
0.0430994
0.0430994
0.0431495
0.0431495
0.0431995
0.0431995
0.0432496
0.0432496
0.0432996
0.0432996
0.0433496
0.0433496
0.0433997
0.0433997
0.0434497
0.0434497
0.0434998
0.0434998
0.0435498
0.0435498
0.0435998
0.0435998
0.0436499
0.0436499
0.0436999
0.0436999
0.04375
0.04375
0.0438
0.0438
0.04385
0.04385
0.0439001
0.0439001
0.0439501
0.0439501
0.0440002
0.0440002
0.0440502
0.0440502
0.0441002
0.0441002
0.0441503
0.0441503
0.0442003
0.0442003
0.0442504
0.0442504
0.0443004
0.0443004
0.0443504
0.0443504
0.0443995
0.0443995
0.0444495
0.0444495
0.0444996
0.0444996
0.0445496
0.0445496
0.0445996
0.0445996
0.0446497
0.0446497
0.0446997
0.0446997
0.0447498
0.0447498
0.0447998
0.0447998
0.0448498
0.0448498
0.0448999
0.0448999
0.0449499
0.0449499
0.045
0.045
0.04505
0.04505
0.0451
0.0451
0.0451501
0.0451501
0.0452001
0.0452001
0.0452502
0.0452502
0.0453002
0.0453002
0.0453502
0.0453502
0.0454003
0.0454003
0.0454503
0.0454503
0.0455004
0.0455004
0.0455504
0.0455504
0.0456004
0.0456004
0.0456495
0.0456495
0.0456995
0.0456995
0.0457496
0.0457496
0.0457996
0.0457996
0.0458496
0.0458496
0.0458997
0.0458997
0.0459497
0.0459497
0.0459998
0.0459998
0.0460498
0.0460498
0.0460998
0.0460998
0.0461499
0.0461499
0.0461999
0.0461999
0.04625
0.04625
0.0463
0.0463
0.04635
0.04635
0.0464001
0.0464001
0.0464501
0.0464501
0.0465002
0.0465002
0.0465502
0.0465502
0.0466002
0.0466002
0.0466503
0.0466503
0.0467003
0.0467003
0.0467504
0.0467504
0.0468004
0.0468004
0.0468504
0.0468504
0.0469005
0.0469005
0.0469495
0.0469495
0.0469996
0.0469996
0.0470496
0.0470496
0.0470996
0.0470996
0.0471497
0.0471497
0.0471997
0.0471997
0.0472498
0.0472498
0.0472998
0.0472998
0.0473498
0.0473498
0.0473999
0.0473999
0.0474499
0.0474499
0.0475
0.0475
0.04755
0.04755
0.0476
0.0476
0.0476501
0.0476501
0.0477001
0.0477001
0.0477502
0.0477502
0.0478002
0.0478002
0.0478502
0.0478502
0.0479003
0.0479003
0.0479503
0.0479503
0.0480004
0.0480004
0.0480504
0.0480504
0.0481004
0.0481004
0.0481505
0.0481505
0.0482005
0.0482005
0.0482496
0.0482496
0.0482996
0.0482996
0.0483496
0.0483496
0.0483997
0.0483997
0.0484497
0.0484497
0.0484998
0.0484998
0.0485498
0.0485498
0.0485998
0.0485998
0.0486499
0.0486499
0.0486999
0.0486999
0.04875
0.04875
0.0488
0.0488
0.04885
0.04885
0.0489001
0.0489001
0.0489501
0.0489501
0.0490002
0.0490002
0.0490502
0.0490502
0.0491002
0.0491002
0.0491503
0.0491503
0.0492003
0.0492003
0.0492504
0.0492504
0.0493004
0.0493004
0.0493504
0.0493504
0.0494005
0.0494005
0.0494505
0.0494505
0.0494996
0.0494996
0.0495496
0.0495496
0.0495996
0.0495996
0.0496497
0.0496497
0.0496997
0.0496997
0.0497498
0.0497498
0.0497998
0.0497998
0.0498498
0.0498498
0.0498999
0.0498999
0.0499499
0.0499499
0.05
0.05
0.05005
0.05005
0.0501
0.0501
0.0501501
0.0501501
0.0502001
0.0502001
0.0502502
0.0502502
0.0503002
0.0503002
0.0503502
0.0503502
0.0504003
0.0504003
0.0504503
0.0504503
0.0505004
0.0505004
0.0505504
0.0505504
0.0506004
0.0506004
0.0506505
0.0506505
0.0507005
0.0507005
0.0507506
0.0507506
0.0507996
0.0507996
0.0508496
0.0508496
0.0508997
0.0508997
0.0509497
0.0509497
0.0509998
0.0509998
0.0510498
0.0510498
0.0510998
0.0510998
0.0511499
0.0511499
0.0511999
0.0511999
0.05125
0.05125
0.0513
0.0513
0.05135
0.05135
0.0514001
0.0514001
0.0514501
0.0514501
0.0515002
0.0515002
0.0515502
0.0515502
0.0516002
0.0516002
0.0516503
0.0516503
0.0517003
0.0517003
0.0517504
0.0517504
0.0518004
0.0518004
0.0518504
0.0518504
0.0519005
0.0519005
0.0519505
0.0519505
0.0520006
0.0520006
0.0520496
0.0520496
0.0520996
0.0520996
0.0521497
0.0521497
0.0521997
0.0521997
0.0522498
0.0522498
0.0522998
0.0522998
0.0523498
0.0523498
0.0523999
0.0523999
0.0524499
0.0524499
0.0525
0.0525
0.05255
0.05255
0.0526
0.0526
0.0526501
0.0526501
0.0527001
0.0527001
0.0527502
0.0527502
0.0528002
0.0528002
0.0528502
0.0528502
0.0529003
0.0529003
0.0529503
0.0529503
0.0530004
0.0530004
0.0530504
0.0530504
0.0531004
0.0531004
0.0531505
0.0531505
0.0532005
0.0532005
0.0532506
0.0532506
0.0533006
0.0533006
0.0533496
0.0533496
0.0533997
0.0533997
0.0534497
0.0534497
0.0534998
0.0534998
0.0535498
0.0535498
0.0535998
0.0535998
0.0536499
0.0536499
0.0536999
0.0536999
0.05375
0.05375
0.0538
0.0538
0.05385
0.05385
0.0539001
0.0539001
0.0539501
0.0539501
0.0540002
0.0540002
0.0540502
0.0540502
0.0541002
0.0541002
0.0541503
0.0541503
0.0542003
0.0542003
0.0542504
0.0542504
0.0543004
0.0543004
0.0543504
0.0543504
0.0544005
0.0544005
0.0544505
0.0544505
0.0545006
0.0545006
0.0545506
0.0545506
0.0545996
0.0545996
0.0546497
0.0546497
0.0546997
0.0546997
0.0547498
0.0547498
0.0547998
0.0547998
0.0548498
0.0548498
0.0548999
0.0548999
0.0549499
0.0549499
0.055
0.055
0.05505
0.05505
0.0551
0.0551
0.0551501
0.0551501
0.0552001
0.0552001
0.0552502
0.0552502
0.0553002
0.0553002
0.0553502
0.0553502
0.0554003
0.0554003
0.0554503
0.0554503
0.0555004
0.0555004
0.0555504
0.0555504
0.0556004
0.0556004
0.0556505
0.0556505
0.0557005
0.0557005
0.0557506
0.0557506
0.0558006
0.0558006
0.0558506
0.0558506
0.0558997
0.0558997
0.0559497
0.0559497
0.0559998
0.0559998
0.0560498
0.0560498
0.0560998
0.0560998
0.0561499
0.0561499
0.0561999
0.0561999
0.05625
0.05625
0.0563
0.0563
0.05635
0.05635
0.0564001
0.0564001
0.0564501
0.0564501
0.0565002
0.0565002
0.0565502
0.0565502
0.0566002
0.0566002
0.0566503
0.0566503
0.0567003
0.0567003
0.0567504
0.0567504
0.0568004
0.0568004
0.0568504
0.0568504
0.0569005
0.0569005
0.0569505
0.0569505
0.0570006
0.0570006
0.0570506
0.0570506
0.0571006
0.0571006
0.0571497
0.0571497
0.0571997
0.0571997
0.0572498
0.0572498
0.0572998
0.0572998
0.0573498
0.0573498
0.0573999
0.0573999
0.0574499
0.0574499
0.0575
0.0575
0.05755
0.05755
0.0576
0.0576
0.0576501
0.0576501
0.0577001
0.0577001
0.0577502
0.0577502
0.0578002
0.0578002
0.0578502
0.0578502
0.0579003
0.0579003
0.0579503
0.0579503
0.0580004
0.0580004
0.0580504
0.0580504
0.0581004
0.0581004
0.0581505
0.0581505
0.0582005
0.0582005
0.0582506
0.0582506
0.0583006
0.0583006
0.0583506
0.0583506
0.0584007
0.0584007
0.0584497
0.0584497
0.0584998
0.0584998
0.0585498
0.0585498
0.0585998
0.0585998
0.0586499
0.0586499
0.0586999
0.0586999
0.05875
0.05875
0.0588
0.0588
0.05885
0.05885
0.0589001
0.0589001
0.0589501
0.0589501
0.0590002
0.0590002
0.0590502
0.0590502
0.0591002
0.0591002
0.0591503
0.0591503
0.0592003
0.0592003
0.0592504
0.0592504
0.0593004
0.0593004
0.0593504
0.0593504
0.0594005
0.0594005
0.0594505
0.0594505
0.0595006
0.0595006
0.0595506
0.0595506
0.0596006
0.0596006
0.0596507
0.0596507
0.0597007
0.0597007
0.0597498
0.0597498
0.0597998
0.0597998
0.0598498
0.0598498
0.0598999
0.0598999
0.0599499
0.0599499
0.06
0.06
0.06005
0.06005
0.0601
0.0601
0.0601501
0.0601501
0.0602001
0.0602001
0.0602502
0.0602502
0.0603002
0.0603002
0.0603502
0.0603502
0.0604003
0.0604003
0.0604503
0.0604503
0.0605004
0.0605004
0.0605504
0.0605504
0.0606004
0.0606004
0.0606505
0.0606505
0.0607005
0.0607005
0.0607506
0.0607506
0.0608006
0.0608006
0.0608506
0.0608506
0.0609007
0.0609007
0.0609507
0.0609507
0.0609998
0.0609998
0.0610498
0.0610498
0.0610998
0.0610998
0.0611499
0.0611499
0.0611999
0.0611999
0.06125
0.06125
0.0613
0.0613
0.06135
0.06135
0.0614001
0.0614001
0.0614501
0.0614501
0.0615002
0.0615002
0.0615502
0.0615502
0.0616002
0.0616002
0.0616503
0.0616503
0.0617003
0.0617003
0.0617504
0.0617504
0.0618004
0.0618004
0.0618504
0.0618504
0.0619005
0.0619005
0.0619505
0.0619505
0.0620006
0.0620006
0.0620506
0.0620506
0.0621006
0.0621006
0.0621507
0.0621507
0.0622007
0.0622007
0.0622508
0.0622508
0.0622998
0.0622998
0.0623498
0.0623498
0.0623999
0.0623999
0.0624499
0.0624499
0.0625
0.0625
0.06255
0.06255
0.0626
0.0626
0.0626501
0.0626501
0.0627001
0.0627001
0.0627502
0.0627502
0.0628002
0.0628002
0.0628502
0.0628502
0.0629003
0.0629003
0.0629503
0.0629503
0.0630004
0.0630004
0.0630504
0.0630504
0.0631004
0.0631004
0.0631505
0.0631505
0.0632005
0.0632005
0.0632506
0.0632506
0.0633006
0.0633006
0.0633506
0.0633506
0.0634007
0.0634007
0.0634507
0.0634507
0.0635008
0.0635008
0.0635498
0.0635498
0.0635998
0.0635998
0.0636499
0.0636499
0.0636999
0.0636999
0.06375
0.06375
0.0638
0.0638
0.06385
0.06385
0.0639001
0.0639001
0.0639501
0.0639501
0.0640002
0.0640002
0.0640502
0.0640502
0.0641002
0.0641002
0.0641503
0.0641503
0.0642003
0.0642003
0.0642503
0.0642503
0.0643004
0.0643004
0.0643504
0.0643504
0.0644005
0.0644005
0.0644505
0.0644505
0.0645006
0.0645006
0.0645506
0.0645506
0.0646006
0.0646006
0.0646507
0.0646507
0.0647007
0.0647007
0.0647508
0.0647508
0.0648008
0.0648008
0.0648498
0.0648498
0.0648999
0.0648999
0.0649499
0.0649499
0.065
0.065
0.06505
0.06505
0.0651
0.0651
0.0651501
0.0651501
0.0652001
0.0652001
0.0652502
0.0652502
0.0653002
0.0653002
0.0653502
0.0653502
0.0654003
0.0654003
0.0654503
0.0654503
0.0655003
0.0655003
0.0655504
0.0655504
0.0656004
0.0656004
0.0656505
0.0656505
0.0657005
0.0657005
0.0657506
0.0657506
0.0658006
0.0658006
0.0658506
0.0658506
0.0659007
0.0659007
0.0659507
0.0659507
0.0660008
0.0660008
0.0660508
0.0660508
0.0660998
0.0660998
0.0661499
0.0661499
0.0661999
0.0661999
0.06625
0.06625
0.0663
0.0663
0.06635
0.06635
0.0664001
0.0664001
0.0664501
0.0664501
0.0665001
0.0665001
0.0665502
0.0665502
0.0666002
0.0666002
0.0666503
0.0666503
0.0667003
0.0667003
0.0667503
0.0667503
0.0668004
0.0668004
0.0668504
0.0668504
0.0669005
0.0669005
0.0669505
0.0669505
0.0670006
0.0670006
0.0670506
0.0670506
0.0671006
0.0671006
0.0671507
0.0671507
0.0672007
0.0672007
0.0672508
0.0672508
0.0673008
0.0673008
0.0673508
0.0673508
0.0673999
0.0673999
0.0674499
0.0674499
0.0675
0.0675
0.06755
0.06755
0.0676
0.0676
0.0676501
0.0676501
0.0677001
0.0677001
0.0677501
0.0677501
0.0678002
0.0678002
0.0678502
0.0678502
0.0679003
0.0679003
0.0679503
0.0679503
0.0680003
0.0680003
0.0680504
0.0680504
0.0681004
0.0681004
0.0681505
0.0681505
0.0682005
0.0682005
0.0682506
0.0682506
0.0683006
0.0683006
0.0683506
0.0683506
0.0684007
0.0684007
0.0684507
0.0684507
0.0685007
0.0685007
0.0685508
0.0685508
0.0686008
0.0686008
0.0686509
0.0686509
0.0686999
0.0686999
0.0687499
0.0687499
0.0688
0.0688
0.06885
0.06885
0.0689001
0.0689001
0.0689501
0.0689501
0.0690001
0.0690001
0.0690502
0.0690502
0.0691002
0.0691002
0.0691503
0.0691503
0.0692003
0.0692003
0.0692503
0.0692503
0.0693004
0.0693004
0.0693504
0.0693504
0.0694005
0.0694005
0.0694505
0.0694505
0.0695006
0.0695006
0.0695506
0.0695506
0.0696006
0.0696006
0.0696507
0.0696507
0.0697007
0.0697007
0.0697507
0.0697507
0.0698008
0.0698008
0.0698508
0.0698508
0.0699009
0.0699009
0.0699499
0.0699499
0.0699999
0.0699999
0.07005
0.07005
0.0701
0.0701
0.0701501
0.0701501
0.0702001
0.0702001
0.0702501
0.0702501
0.0703002
0.0703002
0.0703502
0.0703502
0.0704003
0.0704003
0.0704503
0.0704503
0.0705004
0.0705004
0.0705504
0.0705504
0.0706004
0.0706004
0.0706505
0.0706505
0.0707005
0.0707005
0.0707505
0.0707505
0.0708006
0.0708006
0.0708506
0.0708506
0.0709007
0.0709007
0.0709507
0.0709507
0.0710007
0.0710007
0.0710508
0.0710508
0.0711008
0.0711008
0.0711509
0.0711509
0.0712009
0.0712009
0.0712499
0.0712499
0.0713
0.0713
0.07135
0.07135
0.0714001
0.0714001
0.0714501
0.0714501
0.0715001
0.0715001
0.0715502
0.0715502
0.0716002
0.0716002
0.0716503
0.0716503
0.0717003
0.0717003
0.0717504
0.0717504
0.0718004
0.0718004
0.0718504
0.0718504
0.0719005
0.0719005
0.0719505
0.0719505
0.0720005
0.0720005
0.0720506
0.0720506
0.0721006
0.0721006
0.0721507
0.0721507
0.0722007
0.0722007
0.0722507
0.0722507
0.0723008
0.0723008
0.0723508
0.0723508
0.0724009
0.0724009
0.0724509
0.0724509
0.0724999
0.0724999
0.07255
0.07255
0.0726
0.0726
0.0726501
0.0726501
0.0727001
0.0727001
0.0727501
0.0727501
0.0728002
0.0728002
0.0728502
0.0728502
0.0729003
0.0729003
0.0729503
0.0729503
0.0730003
0.0730003
0.0730504
0.0730504
0.0731004
0.0731004
0.0731505
0.0731505
0.0732005
0.0732005
0.0732505
0.0732505
0.0733006
0.0733006
0.0733506
0.0733506
0.0734007
0.0734007
0.0734507
0.0734507
0.0735007
0.0735007
0.0735508
0.0735508
0.0736008
0.0736008
0.0736509
0.0736509
0.0737009
0.0737009
0.0737509
0.0737509
0.0738
0.0738
0.07385
0.07385
0.0739001
0.0739001
0.0739501
0.0739501
0.0740001
0.0740001
0.0740502
0.0740502
0.0741002
0.0741002
0.0741503
0.0741503
0.0742003
0.0742003
0.0742503
0.0742503
0.0743004
0.0743004
0.0743504
0.0743504
0.0744005
0.0744005
0.0744505
0.0744505
0.0745005
0.0745005
0.0745506
0.0745506
0.0746006
0.0746006
0.0746507
0.0746507
0.0747007
0.0747007
0.0747507
0.0747507
0.0748008
0.0748008
0.0748508
0.0748508
0.0749009
0.0749009
0.0749509
0.0749509
0.0750009
0.0750009
0.07505
0.07505
0.0751
0.0751
0.0751501
0.0751501
0.0752001
0.0752001
0.0752501
0.0752501
0.0753002
0.0753002
0.0753502
0.0753502
0.0754003
0.0754003
0.0754503
0.0754503
0.0755003
0.0755003
0.0755504
0.0755504
0.0756004
0.0756004
0.0756505
0.0756505
0.0757005
0.0757005
0.0757505
0.0757505
0.0758006
0.0758006
0.0758506
0.0758506
0.0759007
0.0759007
0.0759507
0.0759507
0.0760007
0.0760007
0.0760508
0.0760508
0.0761008
0.0761008
0.0761509
0.0761509
0.0762009
0.0762009
0.0762509
0.0762509
0.076301
0.076301
0.07635
0.07635
0.0764001
0.0764001
0.0764501
0.0764501
0.0765001
0.0765001
0.0765502
0.0765502
0.0766002
0.0766002
0.0766503
0.0766503
0.0767003
0.0767003
0.0767503
0.0767503
0.0768004
0.0768004
0.0768504
0.0768504
0.0769005
0.0769005
0.0769505
0.0769505
0.0770005
0.0770005
0.0770506
0.0770506
0.0771006
0.0771006
0.0771507
0.0771507
0.0772007
0.0772007
0.0772507
0.0772507
0.0773008
0.0773008
0.0773508
0.0773508
0.0774009
0.0774009
0.0774509
0.0774509
0.0775009
0.0775009
0.077551
0.077551
0.0776
0.0776
0.0776501
0.0776501
0.0777001
0.0777001
0.0777501
0.0777501
0.0778002
0.0778002
0.0778502
0.0778502
0.0779003
0.0779003
0.0779503
0.0779503
0.0780003
0.0780003
0.0780504
0.0780504
0.0781004
0.0781004
0.0781505
0.0781505
0.0782005
0.0782005
0.0782505
0.0782505
0.0783006
0.0783006
0.0783506
0.0783506
0.0784007
0.0784007
0.0784507
0.0784507
0.0785007
0.0785007
0.0785508
0.0785508
0.0786008
0.0786008
0.0786509
0.0786509
0.0787009
0.0787009
0.0787509
0.0787509
0.078801
0.078801
0.078851
0.078851
0.0789001
0.0789001
0.0789501
0.0789501
0.0790001
0.0790001
0.0790502
0.0790502
0.0791002
0.0791002
0.0791503
0.0791503
0.0792003
0.0792003
0.0792503
0.0792503
0.0793004
0.0793004
0.0793504
0.0793504
0.0794005
0.0794005
0.0794505
0.0794505
0.0795005
0.0795005
0.0795506
0.0795506
0.0796006
0.0796006
0.0796507
0.0796507
0.0797007
0.0797007
0.0797507
0.0797507
0.0798008
0.0798008
0.0798508
0.0798508
0.0799009
0.0799009
0.0799509
0.0799509
0.0800009
0.0800009
0.080051
0.080051
0.080101
0.080101
0.0801511
0.0801511
0.0802001
0.0802001
0.0802501
0.0802501
0.0803002
0.0803002
0.0803502
0.0803502
0.0804003
0.0804003
0.0804503
0.0804503
0.0805003
0.0805003
0.0805504
0.0805504
0.0806004
0.0806004
0.0806505
0.0806505
0.0807005
0.0807005
0.0807505
0.0807505
0.0808006
0.0808006
0.0808506
0.0808506
0.0809007
0.0809007
0.0809507
0.0809507
0.0810007
0.0810007
0.0810508
0.0810508
0.0811008
0.0811008
0.0811509
0.0811509
0.0812009
0.0812009
0.0812509
0.0812509
0.081301
0.081301
0.081351
0.081351
0.0814011
0.0814011
0.0814501
0.0814501
0.0815001
0.0815001
0.0815502
0.0815502
0.0816002
0.0816002
0.0816503
0.0816503
0.0817003
0.0817003
0.0817503
0.0817503
0.0818004
0.0818004
0.0818504
0.0818504
0.0819005
0.0819005
0.0819505
0.0819505
0.0820005
0.0820005
0.0820506
0.0820506
0.0821006
0.0821006
0.0821507
0.0821507
0.0822007
0.0822007
0.0822507
0.0822507
0.0823008
0.0823008
0.0823508
0.0823508
0.0824009
0.0824009
0.0824509
0.0824509
0.0825009
0.0825009
0.082551
0.082551
0.082601
0.082601
0.0826511
0.0826511
0.0827011
0.0827011
0.0827501
0.0827501
0.0828002
0.0828002
0.0828502
0.0828502
0.0829003
0.0829003
0.0829503
0.0829503
0.0830003
0.0830003
0.0830504
0.0830504
0.0831004
0.0831004
0.0831505
0.0831505
0.0832005
0.0832005
0.0832505
0.0832505
0.0833006
0.0833006
0.0833506
0.0833506
0.0834007
0.0834007
0.0834507
0.0834507
0.0835007
0.0835007
0.0835508
0.0835508
0.0836008
0.0836008
0.0836509
0.0836509
0.0837009
0.0837009
0.0837509
0.0837509
0.083801
0.083801
0.083851
0.083851
0.0839011
0.0839011
0.0839511
0.0839511
0.0840001
0.0840001
0.0840502
0.0840502
0.0841002
0.0841002
0.0841503
0.0841503
0.0842003
0.0842003
0.0842503
0.0842503
0.0843004
0.0843004
0.0843504
0.0843504
0.0844005
0.0844005
0.0844505
0.0844505
0.0845005
0.0845005
0.0845506
0.0845506
0.0846006
0.0846006
0.0846507
0.0846507
0.0847007
0.0847007
0.0847507
0.0847507
0.0848008
0.0848008
0.0848508
0.0848508
0.0849009
0.0849009
0.0849509
0.0849509
0.0850009
0.0850009
0.085051
0.085051
0.085101
0.085101
0.0851511
0.0851511
0.0852011
0.0852011
0.0852511
0.0852511
0.0853002
0.0853002
0.0853502
0.0853502
0.0854003
0.0854003
0.0854503
0.0854503
0.0855003
0.0855003
0.0855504
0.0855504
0.0856004
0.0856004
0.0856505
0.0856505
0.0857005
0.0857005
0.0857505
0.0857505
0.0858006
0.0858006
0.0858506
0.0858506
0.0859007
0.0859007
0.0859507
0.0859507
0.0860007
0.0860007
0.0860508
0.0860508
0.0861008
0.0861008
0.0861509
0.0861509
0.0862009
0.0862009
0.0862509
0.0862509
0.086301
0.086301
0.086351
0.086351
0.0864011
0.0864011
0.0864511
0.0864511
0.0865011
0.0865011
0.0865502
0.0865502
0.0866002
0.0866002
0.0866503
0.0866503
0.0867003
0.0867003
0.0867503
0.0867503
0.0868004
0.0868004
0.0868504
0.0868504
0.0869005
0.0869005
0.0869505
0.0869505
0.0870005
0.0870005
0.0870506
0.0870506
0.0871006
0.0871006
0.0871507
0.0871507
0.0872007
0.0872007
0.0872507
0.0872507
0.0873008
0.0873008
0.0873508
0.0873508
0.0874009
0.0874009
0.0874509
0.0874509
0.0875009
0.0875009
0.087551
0.087551
0.087601
0.087601
0.0876511
0.0876511
0.0877011
0.0877011
0.0877511
0.0877511
0.0878012
0.0878012
0.0878502
0.0878502
0.0879003
0.0879003
0.0879503
0.0879503
0.0880003
0.0880003
0.0880504
0.0880504
0.0881004
0.0881004
0.0881505
0.0881505
0.0882005
0.0882005
0.0882505
0.0882505
0.0883006
0.0883006
0.0883506
0.0883506
0.0884007
0.0884007
0.0884507
0.0884507
0.0885007
0.0885007
0.0885508
0.0885508
0.0886008
0.0886008
0.0886509
0.0886509
0.0887009
0.0887009
0.0887509
0.0887509
0.088801
0.088801
0.088851
0.088851
0.0889011
0.0889011
0.0889511
0.0889511
0.0890011
0.0890011
0.0890512
0.0890512
0.0891012
0.0891012
0.0891503
0.0891503
0.0892003
0.0892003
0.0892503
0.0892503
0.0893004
0.0893004
0.0893504
0.0893504
0.0894005
0.0894005
0.0894505
0.0894505
0.0895005
0.0895005
0.0895506
0.0895506
0.0896006
0.0896006
0.0896507
0.0896507
0.0897007
0.0897007
0.0897507
0.0897507
0.0898008
0.0898008
0.0898508
0.0898508
0.0899009
0.0899009
0.0899509
0.0899509
