0.0
97.306
179.7
-109.41
-194.83
-43.933
375.16
-129.15
-2042.0
-1843.4
1871.9
-1164.0
-3554.2
-370.7
-3027.0
-13178.0
-10927.0
-7853.5
19168.0
48690.0
17411.0
29403.0
-16421.0
5289.3
11509.0
-2066.6
57049.0
28773.0
1849.9
14310.0
-66415.0
-19075.0
-82233.0
49925.0
87594.0
40556.0
-25399.0
38584.0
-100860.0
-26172.0
-53105.0
16133.0
86961.0
100110.0
57383.0
25042.0
-109070.0
-57414.0
71279.0
74431.0
114290.0
114690.0
45537.0
53993.0
-82165.0
34278.0
28656.0
-80832.0
164710.0
14928.0
-158360.0
36130.0
-96439.0
45758.0
196380.0
133600.0
14359.0
53717.0
-66232.0
-95591.0
50085.0
246050.0
95391.0
1878.9
-109970.0
12955.0
-44126.0
142120.0
25572.0
-53165.0
39638.0
-149000.0
148620.0
99435.0
5431.3
-120650.0
-95323.0
-37016.0
-109490.0
-104660.0
-27044.0
-44506.0
-7670.3
-107340.0
-132100.0
-140930.0
-73018.0
-170040.0
-272010.0
217170.0
118530.0
155830.0
133060.0
2858.1
-78991.0
48833.0
-191520.0
44214.0
-211770.0
-22940.0
-333230.0
-34651.0
-48265.0
252320.0
249120.0
-58100.0
102490.0
121800.0
417700.0
246420.0
132910.0
-220770.0
-62799.0
-64075.0
542360.0
-188660.0
184970.0
-271700.0
-95943.0
377530.0
-392630.0
1092600.0
-1153000.0
-438760.0
-1359100.0
-888190.0
1536600.0
-808700.0
1842500.0
-895680.0
-617470.0
2190200.0
-650670.0
1087100.0
405940.0
-2899100.0
1424700.0
729570.0
187290.0
2002000.0
-2321700.0
-557310.0
-21114.0
-234240.0
-438010.0
-601530.0
-1968400.0
-851010.0
1948900.0
-532600.0
2130000.0
-498720.0
1077000.0
-494680.0
-583550.0
473200.0
1424800.0
-1895800.0
3440800.0
-4147500.0
2174200.0
-1247700.0
400680.0
-1930200.0
2068800.0
1772200.0
2341600.0
-7698800.0
5533700.0
-5212100.0
3072500.0
1731100.0
2747700.0
1694800.0
-1193300.0
-2976800.0
4215100.0
-3410500.0
4850900.0
-594320.0
-3973900.0
2833600.0
-7772900.0
5571000.0
-6851100.0
646670.0
-719160.0
-520490.0
3964900.0
-4209700.0
3623800.0
-6819000.0
7151500.0
-7012400.0
4874600.0
-4461800.0
4406100.0
451130.0
-3525500.0
2650600.0
-1720100.0
1920100.0
4449900.0
-3551900.0
119700.0
-3355700.0
3326700.0
-2383400.0
6096200.0
-5913700.0
1877900.0
2554300.0
-937720.0
3966300.0
-3035200.0
176080.0
475480.0
1262100.0
-5467900.0
3919800.0
2377400.0
1414400.0
-2950700.0
-4548100.0
4230200.0
3605000.0
-2916800.0
2017300.0
-2316700.0
-53064.0
1598900.0
-3105500.0
-2856200.0
197270.0
1720100.0
9840700.0
-6880700.0
841170.0
-1413600.0
3323400.0
-206160.0
1950500.0
735110.0
-2481900.0
2017000.0
-4604900.0
9434500.0
-3861700.0
-4171400.0
-218740.0
696270.0
6544500.0
1633500.0
-1337900.0
-7247300.0
6751200.0
-2797000.0
2707100.0
-2692800.0
-3952400.0
-1308800.0
-8028400.0
9817300.0
-3162100.0
5011500.0
1174800.0
4164700.0
-2859000.0
133330.0
-405270.0
-4881200.0
821800.0
-3987600.0
10897000.0
-7550300.0
6997500.0
6235300.0
-6236100.0
5883700.0
-12847000.0
12913000.0
-6107400.0
5732100.0
1208200.0
-5475400.0
804130.0
2738000.0
3658200.0
425340.0
9458200.0
-6384400.0
-468010.0
-290770.0
145290.0
7906500.0
-1259800.0
5407500.0
-9135100.0
6594000.0
-8697700.0
6412800.0
1341200.0
-9417700.0
7945300.0
-2276600.0
5127000.0
-9426000.0
7139200.0
-7344900.0
10743000.0
4017800.0
-11086000.0
-1702100.0
3966400.0
920020.0
-4167700.0
468650.0
-7001600.0
3257300.0
-6770700.0
-3606900.0
8136900.0
5971900.0
-5042600.0
-7261900.0
4706000.0
-3030400.0
7569800.0
10820.0
-11261000.0
3274800.0
1460300.0
4591600.0
-5749000.0
-4325700.0
-7517200.0
1775600.0
-5224200.0
-6006900.0
8164000.0
3411600.0
5073600.0
-9661600.0
6149600.0
2220800.0
1089800.0
-5819000.0
-4960800.0
5963300.0
-11193.0
-2250500.0
-1483400.0
2635300.0
-2920300.0
4743700.0
3100400.0
-3798100.0
1068200.0
3008600.0
4665000.0
-8994400.0
3859500.0
-11688000.0
14554000.0
-5545900.0
-3731400.0
7144500.0
-2535300.0
2668100.0
-11211000.0
8583400.0
1039300.0
-31207.0
-1360300.0
850750.0
3210200.0
2238200.0
-2226200.0
-1630400.0
-2754500.0
3124400.0
4526800.0
478590.0
-16370000.0
2961700.0
11890000.0
3960100.0
-11367000.0
-8697300.0
-6880200.0
-895760.0
-1327700.0
-4586300.0
-169500.0
2273900.0
-2670900.0
-9837300.0
12373000.0
-8257100.0
-1301200.0
-2993600.0
7452800.0
2606700.0
4523400.0
-8804800.0
-3584400.0
-7186400.0
-641400.0
14401000.0
1372700.0
-12707000.0
-12858000.0
8275000.0
10623000.0
1590600.0
-3573900.0
5209300.0
4433500.0
-1269000.0
4204900.0
134350.0
14719000.0
-5113800.0
1400700.0
-1697000.0
7057000.0
11082000.0
6134300.0
-1548600.0
-2270200.0
-4308400.0
-5719600.0
5640900.0
2474300.0
11578000.0
13357000.0
-14643000.0
-4884100.0
1564400.0
13017000.0
-443700.0
-6980300.0
-6804700.0
3518000.0
9607600.0
5240100.0
-6134100.0
-16793000.0
-7458100.0
-148930.0
-5798500.0
-1397000.0
-4276900.0
-4077900.0
-8760400.0
9680900.0
-7735200.0
7383800.0
-2396600.0
167800.0
-731010.0
7324400.0
10730000.0
2498200.0
-4752400.0
8185900.0
-8597100.0
6875900.0
-3494500.0
5095800.0
8794200.0
7062200.0
612440.0
-2928600.0
8169400.0
7535200.0
-1017600.0
-10233000.0
-6340400.0
638400.0
13539000.0
-9486100.0
4041100.0
-1626000.0
-5345500.0
-9027100.0
7002500.0
964300.0
-11919000.0
-5405800.0
1844600.0
-8975200.0
2957000.0
-6932100.0
602220.0
-7377300.0
10541000.0
9825600.0
298510.0
-12805000.0
-5525900.0
12714000.0
-5554000.0
-1599700.0
-1186500.0
-1980200.0
2378900.0
-9525800.0
2232600.0
-1874400.0
15348000.0
-3168300.0
2765800.0
-1635500.0
-2805400.0
34307.0
8636000.0
-5541600.0
-7791000.0
-160810.0
-12219000.0
4145800.0
-6798200.0
-9386900.0
2961800.0
3181000.0
-489240.0
-7311200.0
5194100.0
3335000.0
3420100.0
-8439000.0
1331200.0
12052000.0
-3072400.0
-4385900.0
-3404900.0
7614300.0
-6613000.0
-527760.0
1856500.0
-2698300.0
-4720700.0
6641500.0
-1290200.0
5735100.0
-2850000.0
-10044000.0
-3193300.0
1587400.0
-1765600.0
7977100.0
-17957000.0
-4084700.0
-4460500.0
11474000.0
6488600.0
-13248000.0
-1061500.0
-3104600.0
8200400.0
5870800.0
4915600.0
-2865100.0
-11079000.0
2541100.0
-5053700.0
-815150.0
4537400.0
-11269000.0
15804000.0
-1995200.0
-8029100.0
9342700.0
-186830.0
7205500.0
2664800.0
-11495000.0
8083200.0
-3480700.0
10530000.0
-1011100.0
-3503100.0
2465900.0
-11930000.0
6836400.0
2051000.0
19159000.0
-11790000.0
-2679400.0
1405800.0
2136400.0
-8438600.0
1554300.0
-5357200.0
-2851000.0
-160240.0
2032100.0
5065600.0
-5571000.0
6113300.0
-2426600.0
4285900.0
-1525000.0
-4517300.0
-7525300.0
12791000.0
-6947800.0
30562.0
6535300.0
-1268900.0
3361200.0
-7195900.0
-34564.0
-6963500.0
-10825000.0
-11358000.0
-7927600.0
732970.0
-2476300.0
7893800.0
-1841000.0
12616000.0
-1680700.0
-9564700.0
6307100.0
-2989800.0
2815500.0
2688000.0
-5358600.0
-9545100.0
-8850100.0
9727100.0
12787000.0
1561900.0
-14387000.0
6244700.0
2748200.0
-2627100.0
6628700.0
-9524100.0
-3556500.0
-5929200.0
10166000.0
-7650700.0
-1093200.0
-8248200.0
-13003000.0
1994900.0
-5989700.0
9206200.0
-5903900.0
-6714000.0
-5492100.0
187440.0
8467000.0
-10249000.0
3736500.0
1723100.0
-2744600.0
-3528600.0
-4524100.0
-4435100.0
14432000.0
1059700.0
-360590.0
-1230800.0
8921100.0
3794700.0
1728500.0
535240.0
-2710300.0
-1563600.0
-9232600.0
12072000.0
604430.0
4733500.0
-8244600.0
-4699700.0
3264200.0
-5971100.0
4406900.0
-6356200.0
-3524100.0
1356200.0
-13586000.0
-8234800.0
8689700.0
-6118300.0
2963900.0
-630510.0
-1607600.0
441070.0
7444600.0
2331200.0
925730.0
7153200.0
-6652500.0
4115600.0
-7449700.0
3316100.0
7893900.0
-3940300.0
-3588400.0
4527700.0
3290800.0
-2391600.0
5787400.0
170530.0
-8334100.0
2026400.0
-4315600.0
2812400.0
1131100.0
-4506700.0
-560280.0
-2436700.0
5448900.0
1059300.0
5111600.0
3830800.0
-1393100.0
-2461700.0
4504100.0
3711200.0
9044100.0
-6657700.0
-11162000.0
-11382000.0
-1419900.0
-6408200.0
3526200.0
768180.0
-2863800.0
-4884300.0
3035100.0
-2776000.0
-8956800.0
5657800.0
-1569000.0
7480000.0
-7712900.0
-2655500.0
1404300.0
176200.0
-5260800.0
-8492600.0
-8637000.0
8517400.0
-7594900.0
3673600.0
-36094.0
7817900.0
-9488900.0
1147200.0
-6117000.0
14664000.0
-10804000.0
-2102200.0
-2723900.0
-4568400.0
-6094700.0
-6950300.0
862030.0
1188500.0
-6694500.0
-4893400.0
12449000.0
3848700.0
-2279500.0
-4532200.0
-3974000.0
4618500.0
-5987600.0
5829800.0
-3080200.0
-4241500.0
6248700.0
2205800.0
9205700.0
1696600.0
4078100.0
-742630.0
-4187500.0
4218300.0
-3294000.0
5553800.0
3341900.0
-4051200.0
939130.0
5001700.0
-1595700.0
-8509000.0
-3316700.0
-14579.0
-4100500.0
-3546000.0
12160000.0
5342400.0
1439400.0
-15292000.0
508000.0
4143500.0
3814000.0
210040.0
-2784600.0
3082800.0
-5548500.0
-8731200.0
3067900.0
4058700.0
431550.0
-7639800.0
2331500.0
11886000.0
-1433500.0
4158500.0
-3675200.0
74009.0
-3121700.0
-8063000.0
4541300.0
-6497500.0
-2309300.0
-4483800.0
-445560.0
1453100.0
2695100.0
-5473900.0
4937500.0
2026600.0
9400900.0
-7169100.0
5175500.0
-6531300.0
779680.0
-3748700.0
2649100.0
-8718300.0
488370.0
-5180200.0
3094500.0
1498500.0
3566100.0
442640.0
2797900.0
-8944300.0
-6411600.0
1125000.0
1423200.0
582900.0
-4765900.0
6597800.0
16758000.0
-5153700.0
2032100.0
-658920.0
-9730400.0
-2609700.0
143220.0
10162000.0
6388200.0
-7273800.0
-6276500.0
-4582600.0
-5675900.0
6858100.0
2172100.0
85444.0
3401200.0
9462200.0
-5487400.0
3794900.0
2429900.0
-247590.0
-994930.0
-3740200.0
-1476700.0
1801200.0
7104800.0
-4900900.0
-8293800.0
-3421200.0
8185800.0
2493100.0
-5970400.0
11091000.0
-10157000.0
-4726400.0
-13653000.0
13715000.0
-4352500.0
2584500.0
-4481000.0
-3087800.0
1269900.0
-9626900.0
5017100.0
4317800.0
9510600.0
1722400.0
-3853900.0
-8154500.0
-18869.0
-3257000.0
-2359900.0
-2119600.0
12574000.0
-999800.0
-7549500.0
-3874300.0
-5523300.0
-3165500.0
-1493300.0
735820.0
1745100.0
10027000.0
-8130100.0
-6264800.0
-2572200.0
3202600.0
1980400.0
-2768700.0
-136970.0
-5286100.0
6301600.0
7579700.0
-1861500.0
4863600.0
2372100.0
-6024300.0
4595000.0
-5921900.0
5345400.0
-3921500.0
2476600.0
-1012800.0
2867800.0
4461000.0
3518000.0
-5336700.0
6150500.0
73719.0
2424200.0
-140310.0
8092900.0
3630000.0
-1123000.0
5238600.0
-8089800.0
3191700.0
-6305000.0
11943000.0
-2930500.0
2092800.0
-538760.0
370380.0
-959450.0
745220.0
-6894200.0
396000.0
-3283600.0
2283300.0
-4088000.0
-1010400.0
-2160900.0
-2600100.0
7882700.0
875400.0
-1795800.0
-15109000.0
5693800.0
4537100.0
2340900.0
-2828600.0
-3546800.0
6079300.0
-3753700.0
-2444100.0
-2575100.0
-1104900.0
-4565800.0
-6472600.0
-7715100.0
5502400.0
-2695600.0
1049500.0
-9544600.0
-626340.0
5190000.0
6809900.0
-3382800.0
-3694600.0
-4244900.0
1488300.0
5570700.0
-5788200.0
-1330200.0
-2661200.0
-1511700.0
-7944400.0
-1976200.0
6120400.0
-3182200.0
3954600.0
2048900.0
1276900.0
1105800.0
4059100.0
-7127700.0
4261500.0
3278300.0
3762100.0
-10181000.0
782650.0
-3062000.0
-4860100.0
-7858400.0
7444700.0
4649600.0
-22520.0
613160.0
1054200.0
5325900.0
1797600.0
8295600.0
-5655500.0
7043900.0
1903800.0
2829200.0
-1509700.0
8359800.0
-16618000.0
1914100.0
-240700.0
7593100.0
13884000.0
-2081700.0
-8640000.0
-521920.0
-1048600.0
-3581700.0
-8923200.0
-2432400.0
3945600.0
-1476400.0
4160100.0
-2884600.0
15283000.0
-7033000.0
5970900.0
-3997600.0
10883000.0
10259000.0
-2801600.0
-2411100.0
-3196900.0
-6410200.0
-1817200.0
9744600.0
2816200.0
1510100.0
-2289900.0
-15748000.0
2532100.0
8471000.0
-4015100.0
-5001200.0
1270800.0
5610800.0
1298700.0
2105900.0
-1196000.0
-287940.0
-1990300.0
13247000.0
3621700.0
-5794600.0
-195760.0
1086700.0
1321400.0
-11051000.0
1887500.0
-968170.0
-312160.0
-6706900.0
5436200.0
-5576800.0
10536000.0
-5028900.0
8113300.0
1208400.0
2421400.0
-1849200.0
-696180.0
6620000.0
4671600.0
-4968100.0
-7134300.0
4308000.0
-3144900.0
956130.0
-3100700.0
2670700.0
-2341800.0
-1201400.0
276030.0
7526000.0
1321000.0
88132.0
3223200.0
-11573000.0
-2668.8
98988.0
-7259700.0
-886880.0
2167700.0
-7801900.0
2359800.0
1610600.0
4543500.0
11044000.0
-6545300.0
790010.0
-8652500.0
-7532000.0
-6008500.0
2940700.0
890120.0
1348300.0
13399000.0
7780300.0
6233000.0
8801500.0
-2577400.0
-519030.0
1141600.0
6761300.0
-4623600.0
6509600.0
3640900.0
-3751700.0
1063900.0
-11122000.0
-4006300.0
-9233500.0
13657000.0
4590900.0
8458600.0
-1439000.0
9065400.0
-11366000.0
3242300.0
2785400.0
-426070.0
-6612600.0
-1696300.0
-5074200.0
-1352400.0
6079600.0
-4792700.0
-3311200.0
-16842000.0
17928000.0
-1461900.0
4510700.0
-821640.0
6447300.0
446560.0
-2737700.0
2299400.0
9966900.0
-2449200.0
1162800.0
-6059900.0
-5255300.0
-8370300.0
-4671100.0
-3667500.0
8282200.0
-1540400.0
851580.0
-815200.0
12025000.0
-526680.0
-4153100.0
3141300.0
-3138800.0
5959800.0
-118350.0
-3152300.0
974610.0
-6410000.0
572020.0
10388000.0
3414700.0
2784100.0
-1534300.0
1913200.0
-5625200.0
277490.0
2936100.0
-2073900.0
-3775200.0
-7512100.0
13069000.0
944510.0
1234000.0
-692500.0
-246330.0
-581770.0
-4990800.0
7930900.0
903720.0
8935100.0
-9688700.0
-4065800.0
-2737800.0
-1176400.0
469130.0
-574350.0
4848200.0
3150300.0
-4601400.0
-9315300.0
6257100.0
1100400.0
-4394700.0
-1223700.0
694480.0
-1568500.0
3483400.0
-1895700.0
1300900.0
-3531200.0
1442100.0
-1070300.0
-3150600.0
-9092800.0
7178500.0
-2527500.0
1259700.0
203250.0
6823700.0
-5607100.0
-477020.0
74892.0
-4219600.0
-6955300.0
-264720.0
-3779900.0
-435300.0
2267500.0
7257800.0
-6938700.0
-4616900.0
1454700.0
-1896600.0
2076100.0
7720700.0
4106400.0
-960650.0
-12215000.0
-6489700.0
3696000.0
-5230800.0
-446610.0
-4687100.0
814580.0
10404000.0
-6480100.0
1854400.0
7817900.0
-7254900.0
4995600.0
-4532600.0
10066000.0
7683000.0
-1392900.0
-8741600.0
-398070.0
-2770000.0
4384600.0
-881990.0
247620.0
-2717800.0
1633300.0
302790.0
1116000.0
3968000.0
-4366800.0
836750.0
6044300.0
429130.0
9963000.0
-576180.0
228180.0
-6785900.0
-7210000.0
-3241200.0
8298600.0
3276900.0
7471300.0
-5779700.0
-7713200.0
-1565500.0
-2713600.0
4854200.0
6010400.0
-2019100.0
-2796900.0
-1300600.0
-6734600.0
1522200.0
293900.0
961490.0
-4725100.0
1259500.0
-2239600.0
4969000.0
-3064600.0
-1323900.0
-8950300.0
8381500.0
-6602700.0
-3298700.0
1468400.0
23495.0
2823400.0
-3121600.0
-5846500.0
955730.0
4857800.0
-3040500.0
1132700.0
1665600.0
2769400.0
-1542200.0
202750.0
-3124900.0
280350.0
6473400.0
436710.0
-1370100.0
2155900.0
5102000.0
-12107000.0
-7109300.0
3893500.0
-3012800.0
2346300.0
-1946300.0
579670.0
12054000.0
-376710.0
-821650.0
-4817200.0
4959700.0
-2037300.0
5399600.0
-1464900.0
-2187900.0
-2382400.0
-3765100.0
-2866700.0
-8168000.0
3155100.0
375450.0
9545700.0
-14128000.0
10070000.0
7913900.0
-12031000.0
-1353100.0
4666700.0
-1925400.0
1330900.0
-7718100.0
2552400.0
2345500.0
-16774000.0
-464040.0
771460.0
8186400.0
6974.7
199540.0
-1420100.0
3915600.0
3069600.0
-5196000.0
-3888100.0
624250.0
9000400.0
-1585800.0
-708130.0
-3625900.0
9946600.0
-2210300.0
8026500.0
-9195400.0
-1866000.0
690650.0
-4488700.0
-2669500.0
10929000.0
1460100.0
53095.0
-363610.0
7615700.0
-8731000.0
6593300.0
-4100900.0
3482900.0
-5775800.0
-5204100.0
-4524000.0
-7410500.0
5760400.0
16221000.0
-6452000.0
-606820.0
9690400.0
-1929900.0
-1375800.0
-5104600.0
640520.0
8786100.0
-878770.0
-1802000.0
-493430.0
2682800.0
-1915200.0
2681800.0
-4181000.0
2908700.0
7384900.0
1930900.0
1682700.0
-190770.0
-164940.0
10615000.0
-3919600.0
-1180600.0
3240600.0
-2744500.0
482610.0
1160700.0
109170.0
-11005000.0
10642000.0
-7932400.0
10444000.0
-7110200.0
-6622800.0
-2818500.0
1520000.0
-4149500.0
-2731500.0
4656000.0
-4183100.0
5435100.0
-9773600.0
5319600.0
-3505900.0
9530600.0
-4264800.0
4984600.0
-4277000.0
2450000.0
-965450.0
2183000.0
-4812600.0
5199100.0
3756900.0
-1553400.0
-2008600.0
-2694000.0
5646600.0
-367640.0
-1839300.0
-1077200.0
4983900.0
-5984300.0
9514300.0
-6014900.0
-5122500.0
4329600.0
-1986700.0
-2166500.0
990830.0
7337300.0
10594000.0
-5517400.0
2630700.0
3054000.0
-2215000.0
2225700.0
-2382800.0
6528800.0
-2610200.0
2785000.0
-562590.0
5305000.0
-7137400.0
-6265500.0
3204900.0
-9925700.0
1909000.0
623150.0
-2285200.0
-1211700.0
1982300.0
12443000.0
-15240000.0
-3233600.0
-4945700.0
7150200.0
8135800.0
-7268600.0
-11820000.0
-2328200.0
697030.0
-4489100.0
-1289200.0
6785700.0
477830.0
9455400.0
-5632000.0
6689100.0
-7510800.0
8588900.0
-8221500.0
2912400.0
-1879700.0
2013600.0
-7788700.0
6237400.0
7545900.0
3305000.0
-9517700.0
-6811900.0
13022000.0
2747800.0
1106900.0
-6553800.0
5977200.0
-6982.6
7659100.0
-14579000.0
2464000.0
5174300.0
-10372000.0
-8109400.0
3798100.0
6002300.0
7819700.0
-4366700.0
-4548300.0
10375000.0
5454200.0
-103570.0
-14994000.0
10878000.0
-9761100.0
-8678000.0
-1165200.0
5802500.0
1557200.0
30390.0
-2331700.0
-3910600.0
-261160.0
4310000.0
-7341000.0
-315970.0
4789800.0
3351400.0
-1298200.0
-5296800.0
11016000.0
-2475600.0
6238800.0
-1450900.0
-7266600.0
-1402700.0
-1741300.0
-3806900.0
422940.0
8286600.0
6120600.0
37672.0
-361650.0
-8036200.0
3729400.0
-2584200.0
-2153100.0
-6852600.0
-2846900.0
3340200.0
-6929600.0
1294000.0
906420.0
9849500.0
-8482000.0
-3864900.0
14556000.0
-6275400.0
715320.0
-1703500.0
2843300.0
1559600.0
-579170.0
-5526500.0
2501700.0
7755900.0
-1938800.0
-1456400.0
7732900.0
1587000.0
6407500.0
-6988900.0
2262500.0
7951200.0
676420.0
-7483100.0
-5540700.0
-2373700.0
5167900.0
-4776600.0
-776070.0
12268000.0
-14370000.0
5023400.0
-405240.0
14328000.0
3134000.0
-1969900.0
2224000.0
6345100.0
2272200.0
1318200.0
-2612000.0
-1133400.0
3272700.0
-1042000.0
-2975500.0
-1403100.0
-3502100.0
-5644200.0
-199870.0
-6070400.0
-3349100.0
-1169700.0
6367800.0
-2668100.0
-1902000.0
-198000.0
542100.0
-5497700.0
4763800.0
6765200.0
2906300.0
-6833000.0
-598140.0
-1912400.0
3072600.0
-12228000.0
-10701000.0
-5898500.0
7825400.0
-3654100.0
-7589500.0
-1896200.0
-2312200.0
9875000.0
-1259600.0
2540900.0
3415600.0
-2973600.0
-10844000.0
-6234000.0
5819700.0
8066300.0
1436600.0
-8580400.0
-6817400.0
-2957400.0
-10430000.0
-7398800.0
2560200.0
6162900.0
-2301000.0
10477000.0
-3743600.0
-1369300.0
721010.0
-3431300.0
3559400.0
2912600.0
-3920100.0
2798400.0
-6192500.0
5519700.0
-102950.0
-4457400.0
-3163800.0
8256000.0
2864400.0
6847000.0
-5161100.0
-1643500.0
5708800.0
2217400.0
4650600.0
-2890400.0
7929200.0
747090.0
-5314700.0
67912.0
5850900.0
-1181500.0
-590410.0
-3414700.0
9681500.0
3471200.0
-13723000.0
-6632900.0
3054800.0
1057100.0
8047400.0
-310630.0
5165500.0
-7541200.0
-2417600.0
3626200.0
-3223200.0
-6039700.0
-848550.0
504790.0
2188900.0
-10508000.0
-7310500.0
5634800.0
-3083900.0
5261600.0
-1827300.0
3575100.0
-1354000.0
946270.0
2766600.0
-6342700.0
-10771000.0
-6131300.0
7299700.0
9113300.0
320280.0
2243600.0
-4073900.0
4430800.0
-613660.0
502700.0
-2860300.0
-1753500.0
-2404200.0
-5431200.0
6882800.0
2832200.0
-780840.0
608800.0
-2138200.0
-1132600.0
-7368900.0
-1960900.0
2042700.0
-1668000.0
-694670.0
1888300.0
796030.0
3446300.0
-4034700.0
-5653100.0
-10539000.0
-397020.0
2841800.0
4200000.0
-1886800.0
370040.0
1383500.0
-3481400.0
-6258700.0
